255
4200
768
2500
3000
1536
6536
1382
379
5000
9500
12233
1969
1346
7812
3268
9469
2200
11660
5607
500
9991
1087
4574
65090
1248
5607
3300
3001
4574
3367
4096
5700
5345
3141
2000
3001
7760
747
7712
6666
4320
2562
10000
4096
3500
8888
9960
65536
4328
3767
3500
3456
3264
6502
1230
9481
8192
1337
787
2712
750
6000
1650
1750
24362
3000
4852
2345
4728
10000
3401
847
4232
2907
835
2487
1569
2650
6500
2912
8289
5093
3103
2874
13264
4096
5379
1800
25000
6500
2350
5000
2048
6370
4666
3787
2584
2356
3333
2003
60000
1906
3142
2365
3848
3080
923
11473
5005
1047
1337
3146
5790
1237
1311
2836
7407
2300
9652
1666
3134
2345
5356
3055
2048
7777
12000
2473
2800
3412
8402
2674
3467
2487
3247
3055
9991
2970
2687
890
3248
1021
4352
5500
3425
1827
19500
1857
6789
901
1024
3287
897
31415
20736
2129
16765
31415
5068
501
5000
512
6373
768
2357
7200
2278
2345
847
4234
1768
7261
6068
3750
5000
2333
4574
3711
9999
3141
800
3360
1553
13111
2528
3141
2800
751
2200
3042
2879
5555
2132
2900
2052
842
4017
4125
1267
3000
3912
6340
2402
1252
6500
3056
6423
4576
3565
4096
1571
4032
3142
3103
750
4926
3810
3142
1401
6453
1999
4500
3902
2057
5296
3141
821
5236
6742
